40960
40966
40970
40971
40972
40974
16400
40986
40991
39
16423
41001
41004
57391
57392
57393
57396
41013
41017
32826
69
16455
57415
57416
57417
57418
57419
41036
57420
57421
41038
41041
41045
41048
41049
49250
49251
41067
16506
16509
16510
16511
32917
49305
156
49312
41121
57507
16569
49339
57533
57534
49350
32972
32973
32974
208
32979
16595
16598
32990
8432
33012
33013
33015
33017
41224
41225
41227
33038
41231
41232
49424
41233
57620
41237
41238
57622
41239
41240
57624
41241
41242
57629
41246
57630
41247
41248
57632
33059
33064
33065
33066
33073
33074
41277
41281
41289
41290
41291
16737
57700
57701
33126
57702
57710
49531
57726
57731
57732
57737
33167
41368
41369
49562
16806
33193
33195
49590
41405
41406
41411
41412
41414
57801
57811
49621
57848
41465
41466
57871
41491
41492
41494
41495
57879
41511
49709
41517
41520
57904
41521
57906
57908
49727
57924
49738
41549
33362
49747
49749
49750
41567
49759
49760
49761
49762
49766
57960
41579
41582
41583
41584
57968
57971
57972
57973
57974
33402
33403
57980
33407
57984
57989
49803
57997
58002
41619
58003
41620
58004
41621
49813
41622
58008
17049
17050
58010
17052
58012
17053
58013
8862
58014
58015
58019
17073
8883
33462
41656
41658
33470
33476
33477
33478
17098
33487
58066
58067
58068
17109
17110
17111
17112
17113
17114
17115
17116
17117
17118
58087
58094
58095
58096
58097
33522
58098
33523
58099
58100
58101
58102
49911
58103
49912
58104
58105
58106
33531
33532
33533
58109
33534
58110
33535
58112
58113
58114
58115
58116
58117
58118
58119
58120
58121
58123
58124
58125
58126
49935
58127
58129
49939
58131
58133
49942
58134
58136
58137
33562
49946
58138
33563
58139
33564
49948
58140
33565
58141
17182
58142
58144
58145
17186
58146
17187
58147
17188
58148
17189
58149
17190
49958
49960
49964
49966
58159
49972
58164
58165
58166
58167
9021
58173
17214
17215
58175
17216
58176
17219
58187
58188
49997
49998
58190
58191
49999
58192
58206
50016
58208
58209
58212
58214
58215
58216
58217
58218
58219
58220
58224
58225
17266
58226
58227
58228
885
58230
58231
58233
58235
41852
50045
58237
58238
58240
58241
58242
899
58243
900
58244
50053
50054
58247
50056
41864
58251
58253
58254
58255
41872
58256
58257
58258
58260
58263
58267
58274
50083
58275
58276
50085
58277
58278
58280
58281
50090
58282
58283
58284
58285
58286
50095
58287
58288
50097
50098
58290
50099
58291
58292
58293
58294
58295
58296
50108
58300
58301
58302
50111
58303
58304
58305
58306
58308
58309
58311
58313
58314
58315
50124
58316
17357
58317
17358
58318
17359
58319
17360
17361
58321
58322
17363
17364
58324
58325
58326
58327
17368
58328
17369
58329
58330
17371
58331
17372
58332
17373
58333
17374
41950
17375
58335
17376
58336
17377
58337
58338
58339
58340
58341
58342
58343
58344
17386
58348
41967
58351
58357
58360
58365
58366
58368
50178
58370
58371
41988
50180
50181
50182
50183
50184
50185
50188
50189
58381
58383
58384
58386
50195
58387
58388
58389
58390
58391
58393
58394
58395
58396
50206
58398
58399
58400
58401
58402
58403
58404
58405
1062
58406
58407
58408
58409
50219
58411
58412
58413
58414
9263
58415
9264
9266
42044
58430
42047
58431
50242
50243
50246
58458
58459
58460
42095
42096
50288
42097
42098
50291
42099
42100
58499
58513
58516
42133
58517
50326
9368
42142
58527
58534
58535
17578
17583
17589
17591
58551
58553
17600
58565
58567
58568
58569
58571
58572
17613
58573
58574
58575
17616
58576
17617
50385
58577
17618
50386
58578
50387
58579
17620
58580
17621
58581
17622
58582
17623
58583
17624
58584
50393
58585
17626
58586
17627
50395
58587
50396
58588
50397
17630
17631
17632
17635
17636
42212
17637
42213
17642
17643
58603
58604
17645
50413
58605
17646
58610
42247
42248
1289
42257
50454
58648
58658
42275
58659
58660
17702
17703
50473
50474
9532
58685
58691
58692
9542
1352
58696
1353
58697
1354
42317
42318
42319
58705
58711
58713
58714
50526
50527
58719
17769
50537
50546
50547
58745
50554
58750
58751
58754
58755
50566
50567
58771
58772
1434
50587
50588
50589
50590
50591
50592
50593
50594
50595
50596
50597
50598
58790
50599
50600
50601
50602
58794
50603
50604
58796
50605
58797
50606
50607
50608
50609
50610
50614
50618
50620
50621
58818
58819
58820
58824
50634
50635
50636
50637
50639
58839
58853
58854
58857
42481
17910
17911
42488
17914
17916
17917
17918
17919
17920
17921
17922
58882
58883
17924
17925
58885
17926
58886
17927
17928
17932
17933
58893
17934
17935
17936
58896
50706
50707
58899
50708
1556
50709
50710
50712
58906
50717
50718
50719
50720
50722
50723
50724
50725
50726
9767
58921
58922
58927
9777
9778
9779
9780
58932
9781
50741
9782
50743
9785
9786
50746
17978
9787
17980
17981
17982
17983
50752
50761
50763
58956
58958
58959
50771
50773
50776
50777
50785
50788
50789
50792
58984
50793
58987
58988
58989
50798
58990
50800
50802
58998
50807
34423
58999
50808
42617
50809
50810
50811
50812
50814
50815
34431
50816
59008
59010
42633
59019
59021
59033
59034
59035
18078
18080
18081
59041
34470
34471
34472
34473
59065
34492
34502
34504
34506
59086
59098
34524
1768
34542
50934
50935
34552
50936
34553
13371340
13371359
50964
50965
50966
50967
13371348
13371346
13371347
34596
34597
34599
34600
1834
13371360
34604
13371361
34605
34607
34625
34626
34630
34637
51025
34643
34649
51033
1881
34652
34656
34660
34661
10085
10101
10120
34698
10124
34703
34712
34716
51102
34727
34728
34730
34735
34736
34739
34740
34741
34743
34744
34752
34759
34762
34763
34764
34767
34768
34773
34774
34775
34776
34777
34779
34780
34781
34782
34783
34785
34787
34788
34789
34791
34793
34794
34795
34797
34802
34807
34809
34811
34813
34815
34817
34818
34819
34827
34832
34836
34869
34870
2103
34872
34873
34876
34878
34879
34880
34892
34893
34895
51308
35002
35004
35005
43204
35037
35044
35047
43257
43259
43263
43264
43266
43277
43278
43279
43280
43281
43286
43287
43288
43289
43290
43292
43294
43304
43327
43331
43337
43339
43340
51589
51591
51592
51593
51595
51596
51600
51601
51602
51603
51604
51612
10684
27099
27100
27101
27102
27103
27104
27106
27107
27109
27110
27111
27112
27113
51690
27114
27115
27116
43504
27121
43507
27123
27124
27125
27126
43510
27127
27128
43513
27129
27130
43515
27131
27132
27134
27135
27136
27137
27138
27139
27140
27141
27142
27143
27144
27145
27154
27178
27188
27191
27192
27193
27194
27196
27197
27198
27205
27206
27207
27208
19017
19028
19029
19030
19031
27223
19032
19033
27229
27230
27237
27238
27241
27248
51830
43638
51831
27255
27256
43640
27257
43641
19066
27259
27260
43644
27262
43654
43658
43659
27279
51855
27280
43664
27281
43665
27282
43666
27283
51859
27293
43677
43680
51876
43693
43696
19122
51891
43699
43700
43702
43704
27321
27326
43711
43713
43715
43721
19147
43725
51918
19151
60111
43727
60112
60113
60114
60116
19157
19158
19159
60120
60121
43738
60122
60127
43743
43744
43745
43746
43747
43748
60133
60134
43751
60135
43752
60138
60139
60141
60148
27380
43768
19194
19195
19196
19197
43773
19198
43774
19199
60159
19200
60160
60161
19203
60163
19204
60164
19205
60165
19206
60166
60167
60169
60170
60171
60173
27410
60184
19225
60185
19226
19228
19229
19230
19231
19232
19233
19234
19235
27433
60214
60218
60220
27479
27481
27482
27483
27484
60263
60264
60266
27515
27517
27528
52110
60303
60305
43922
27545
27547
27548
27549
27550
27551
27552
60324
60325
27558
60326
27559
60327
52135
27560
27567
27568
43958
60352
52161
60353
60354
60355
52164
60356
60357
60365
60367
60373
60378
60395
60396
44012
60400
60404
44020
60410
60411
60412
60413
27650
27651
44035
27652
60420
27653
27655
27656
27659
27661
27662
60431
27664
60432
60433
60434
35860
27671
27673
35872
27681
27685
27687
27689
35882
27691
27693
35885
27695
27696
27697
35890
60466
60467
19511
35897
60474
19514
60477
60478
27711
27712
27715
27716
27717
11337
60492
60499
44123
44124
60508
60513
60519
19560
60520
60521
44140
27758
44145
27761
44146
27765
44149
27768
27770
27772
27774
44160
44161
44162
27781
60549
44166
27782
27784
44171
52366
52367
27794
35998
27806
27807
60575
60577
36003
60584
27817
19627
19628
19629
19630
27822
19631
27823
19632
27824
19633
19634
19635
19636
19637
19638
19639
19640
19641
19644
19645
3272
60635
11485
11487
11488
19690
19695
19696
44274
19704
19707
19708
19709
11519
19711
44288
19712
44289
52481
44290
44291
52483
44292
44293
19718
19719
19720
44296
19721
44297
44298
52490
44300
52492
36110
52494
52497
52498
52500
52501
52503
19736
52517
52523
52525
52528
52529
52534
52535
52536
44345
52538
52541
19774
19775
52543
19776
19777
52545
19778
52546
19780
27974
19783
19784
36171
19791
19792
19816
19817
19818
19820
36207
36228
44432
44435
44439
44440
44441
44461
44471
36279
44472
44486
52679
28105
44490
36299
44491
36300
44492
36301
44493
44494
28110
44495
44496
44497
44498
52690
19923
52691
52692
52693
19926
52694
52696
19930
19932
44508
44509
52701
52702
52703
52706
36324
36325
36331
52717
52718
36335
52719
52720
52721
28148
28151
36344
28154
36353
36359
19976
19977
28170
19978
36362
28171
44555
19979
36363
52748
28173
52749
28174
28175
36370
28179
19987
28180
28182
44568
36381
36385
36389
52773
52774
52775
28200
36392
28201
36393
36394
28203
36395
44588
28205
36397
52781
28206
36398
28207
52783
28214
28215
20024
20025
28217
20026
28218
28219
28220
52801
20035
20036
52804
28229
20037
52805
28230
52806
28232
52808
28233
52809
44618
44619
28236
28237
52813
28238
28239
28240
28243
28246
28247
28248
28250
28251
28252
36460
44652
44653
44654
44655
44656
44670
52863
44681
44682
20108
52880
44689
52881
20113
36498
52882
36500
44692
36501
36502
36503
36504
36507
28316
36509
36510
36511
36512
36514
36515
28330
28331
28332
28333
36527
36534
36536
36537
36538
36545
36549
36550
36551
36553
36554
36557
36558
36559
36565
36568
36569
36570
36571
52956
36573
36575
52961
700139
52962
52963
36582
44779
44780
44783
52977
52981
44790
12023
52983
52984
52990
52999
12040
53000
12041
12042
12043
53005
700187
53010
53013
53018
53020
53021
53022
53023
53024
53025
53026
53027
53028
53029
53030
53032
36648
53033
53035
44847
53040
3888
53041
53049
53053
53054
53055
36671
53056
700230
700231
53069
53070
53071
53072
53073
12118
53080
53082
53083
53084
20316
53087
53088
53092
53095
3944
3945
20338
3954
20340
20341
20342
20343
20344
53114
53116
53117
53118
53119
53120
53123
20357
53125
53126
20362
53143
20375
53144
53145
53146
53147
53148
53149
53150
53155
53156
53157
53158
53159
53160
53161
53162
44974
4015
53175
53176
53182
20415
20416
12224
36801
36802
36803
36806
20424
45001
20428
20429
20430
20432
45011
53204
36826
45018
20442
36827
45019
20443
53212
36828
36829
20445
36830
20446
20448
20450
20451
20452
700398
20453
700399
53221
20454
700397
20456
53225
20457
20458
45035
53227
20459
45036
53228
20460
45037
53230
53231
20466
20467
20468
45044
20473
53245
45055
20485
20497
20498
20499
20500
20501
20502
20503
20504
45080
20509
45085
45086
700437
53310
53313
700494
36934
36935
36937
36939
53324
45132
53325
45133
53326
20559
45135
45136
20561
45137
45138
45139
45140
45141
53334
45142
53335
45143
53336
45144
53337
53338
53339
53340
53344
20577
53347
53349
53351
45160
53352
45161
45162
45164
53367
36985
45182
53382
37000
53387
53394
53395
37013
53399
37016
53403
20637
37021
53405
53407
53408
45217
53410
20642
53412
37028
53415
20648
53417
37034
53419
53420
4269
53421
53422
45230
53423
53424
53425
53427
53428
53429
53430
53431
53434
53437
53438
53442
53445
20682
37066
20683
20684
53452
45261
53453
45262
53456
45265
53457
45266
53461
53462
53463
53464
53465
53466
53467
20701
700648
45283
37097
53484
53485
53487
53489
53490
53491
20724
37110
37118
700661
37121
53507
53508
53509
45318
53510
45319
53511
53512
53513
45322
53515
45324
53516
45325
53517
53518
53519
45327
45328
53520
45329
53521
45330
53522
53523
45334
53530
45339
53531
53532
53534
45343
53535
45346
20773
53544
45352
45353
53547
37164
53548
37167
53552
45360
45361
20787
45363
45364
45365
45366
37177
37179
53568
45381
45382
45384
45385
29002
29003
45391
45392
29011
29013
29014
45398
29017
29018
29019
29020
20833
4454
20850
20870
29064
20873
29065
45449
20874
45450
29067
29068
37260
29069
45453
29070
45454
29071
45455
29072
45456
45457
29074
45458
29075
37268
45461
45462
45463
45464
29082
29083
29084
45468
700822
29085
29086
29087
29088
29089
29090
29091
29092
29093
45477
29094
29095
29096
45481
45484
45487
45492
29109
45493
29110
29111
29112
20921
29113
29114
20922
29115
20923
20924
20925
29119
29120
29126
700877
45526
45547
29168
53744
29169
29170
29172
29173
29186
45573
53766
53767
53768
53769
53770
53772
53773
53774
29199
53776
53777
53778
45586
53779
45592
29211
29218
29219
45605
45606
29224
45610
37420
700967
29232
29233
29234
37426
29235
29236
37428
29237
29238
29239
29240
29241
37433
29243
53819
37441
37442
37443
53827
37444
53828
37445
53829
45637
37446
53830
37447
53831
37449
37450
701011
4706
29293
701049
53887
53888
37505
37510
53902
53903
53904
53906
53907
53908
53913
45724
53918
53919
701098
701099
701096
701097
701102
701100
701101
701093
53936
701115
53937
701118
53940
701116
701117
701129
13001
701120
53962
701121
53968
53969
53970
53971
45780
701150
53972
701151
53973
701148
53974
701149
53975
53976
53977
701140
45792
45794
701167
45799
45801
701155
21226
701152
21227
53995
701159
53998
21231
53999
21234
54002
21235
29428
54008
701169
54011
54014
54016
54017
21259
21260
21261
45838
21262
45840
21264
21265
21266
29460
29463
29471
13093
13094
13095
13096
13098
13099
13101
13102
13103
29488
13104
29489
13105
4913
13107
13108
54091
54094
45904
29533
29534
54133
54134
54135
54136
37753
54137
54139
54150
54153
21386
54154
54156
54157
54158
54160
54162
54165
54172
54174
54177
54179
21412
54181
54182
54187
54188
54191
54195
54196
29636
29637
54215
54216
54218
54219
54220
54221
54222
54223
54224
54225
46034
54226
46035
54227
54228
54239
21478
21479
54249
21484
46063
46084
46085
46086
46088
46090
46093
46104
46105
54299
54300
46109
54302
54303
54304
54306
21539
54307
46116
54308
54309
54310
54312
54313
54314
54315
54316
54317
54321
21555
54323
21558
21560
21561
46144
46145
46146
54338
701518
54340
54341
54342
54343
46153
21580
21582
46160
21584
54352
54353
54354
46163
54355
46164
46165
46166
54358
21595
54363
21596
21602
54370
54371
21604
54372
21605
54373
21606
21607
54375
21608
54376
13419
13420
54382
54391
21626
54394
54395
54398
21631
54399
21636
21637
21638
21639
54409
54410
54419
21653
54422
54425
21665
46242
21666
21667
46243
46244
46246
46247
46248
54440
46249
46250
46251
21679
38068
38069
38070
21686
38071
54455
54456
21694
701637
54482
54483
54486
38129
54519
21755
54542
46352
54545
21779
54550
21792
21793
21801
21805
21806
21807
21808
21809
21817
38202
38206
46398
38207
38208
21827
54599
13645
38222
13646
46414
13647
46415
13648
13649
701785
30039
30040
30041
30043
30044
701782
54621
30048
30049
54629
30054
701792
13676
13677
54639
30064
701818
54640
30065
54641
701816
54642
30067
13683
54643
13684
54644
701814
701813
54655
30080
54657
30084
13701
54661
13702
21894
13705
13706
13707
54667
13708
30095
30096
701851
30099
701849
38293
701855
701853
701864
54694
701859
701856
701863
38318
30128
54704
21943
30139
38332
30143
30144
13764
13765
13766
13767
13768
30161
38358
46551
38360
46552
38361
46553
38363
54747
30172
54748
38365
54749
701934
701946
701943
13822
701962
13825
701960
54790
701959
22031
46608
46614
30234
54814
54815
30240
54816
54822
54823
54824
54825
30251
30252
30253
701991
701988
702010
46650
702007
54847
702027
54849
54850
702025
702031
702028
38475
38477
702042
38482
702040
702041
702034
30296
702035
702033
30300
30301
702039
702036
38495
22111
702037
13919
702058
38497
702062
30309
38501
38509
702053
702079
38517
702076
30330
702064
38522
38523
54911
702080
46733
54925
30350
54926
54927
54928
54929
22166
38553
46746
46747
46748
38557
22173
22178
22179
22180
22181
54955
13997
13998
46766
22197
38586
30398
54978
54979
54980
54981
54982
54987
54996
54998
54999
55000
55001
14045
38622
14046
55006
38623
38624
14048
38625
14049
14052
55022
55023
14064
55024
55026
55027
55030
14073
14074
55034
14076
55036
55037
55038
55039
30464
55040
30467
30468
30475
30484
30485
30486
30487
30488
30489
30492
30493
55076
55077
55078
55080
55082
55083
55084
14142
30530
38726
38728
55118
55119
55121
55122
14173
30562
46952
46953
46955
46956
46957
46958
46960
55158
46966
55161
46974
46980
46981
22410
55188
38832
55216
47024
47025
38835
47027
22451
38836
38837
55221
38838
38839
55223
38841
38842
38843
55228
38845
38846
14270
38848
14272
55232
38849
14273
38850
55237
38854
38855
38856
38857
38858
38859
38860
47067
55260
14303
47071
38881
47073
38885
22505
22506
55274
22507
22508
22509
55277
22510
22511
22512
22513
22514
22515
47092
22516
22517
30711
22519
55296
55297
55298
22531
55299
47108
14341
22533
14342
14344
14347
14350
14351
14352
14353
14354
14355
14356
14363
47131
47132
47134
14367
47135
14368
14369
14370
14373
14374
14375
14376
47148
47152
22577
38963
55348
55349
55350
55351
55352
55353
55354
47166
38976
14403
14404
22599
38983
47177
30794
14426
14427
55390
55391
55392
55393
55397
55398
55400
22635
22646
22647
30844
55422
14472
55434
55449
55455
39075
39077
39078
47283
30902
47286
39126
39127
39128
39129
39130
30946
30949
30975
30976
30977
30978
30979
30980
30982
30983
30985
30986
30987
30988
30989
30990
55566
55567
30992
30994
47379
55571
30996
55572
30997
55574
30999
47383
47385
55577
55579
47390
47423
55616
55617
47426
31043
47427
47428
31044
31045
47429
31046
47430
31047
31048
31049
31050
31051
31052
31053
31055
31056
31057
31058
31060
39253
47448
47449
47450
47451
39261
39265
47458
39266
47459
47460
39269
47462
47468
47469
47470
47471
47472
47473
47479
39289
55675
31104
55680
39301
47495
39305
47498
47500
55697
55698
55699
55700
47509
47510
55702
55703
55704
55705
55706
55713
47535
47539
55732
47557
47560
47561
47562
47567
47571
55769
55770
55771
55772
55773
55774
55775
55776
47585
55777
47586
55778
47587
55779
55780
55781
47590
55783
55784
55785
55786
55787
55788
55789
55790
55791
23024
55792
23025
55793
23026
55794
23027
55795
55797
55798
55799
55800
55801
55802
55803
55804
55805
23038
55806
23039
55807
55808
55809
55810
55811
55812
55813
47625
47626
47627
47629
55823
55824
47636
55828
47637
39445
47638
47639
47641
47642
23070
55858
23092
23093
23094
23097
55865
23098
23099
23100
23101
23102
23103
23104
39488
23105
23107
23108
23109
23110
23111
23112
23113
23115
23116
31316
23125
23126
31318
23129
23130
23131
23135
23136
23138
47716
23140
55908
23141
23143
47723
39542
39546
39547
39548
39550
39551
23182
23183
23184
23185
23186
23187
23188
23189
23190
47767
23192
23193
23194
23195
23196
47774
23198
47775
47776
31392
31397
23212
47788
47789
23214
39600
39601
39602
39603
23221
39605
39606
47798
23223
39607
47799
39608
39609
39618
39621
39622
39625
39626
39627
23247
39631
23249
23254
23255
39639
39640
39641
39643
39644
39648
56032
56033
39650
56034
23267
39651
23268
39652
56036
23270
56038
23271
23272
39656
23273
39657
39658
23274
23275
23276
23277
23280
56052
47861
23286
56055
23288
56056
56057
15097
56060
56061
56062
56063
56064
56065
56066
56068
56069
56070
56073
23306
56074
23307
56075
56076
23309
56077
39694
56078
39695
39696
23317
56085
23318
23323
56091
56092
23325
56093
23326
56094
56095
56107
56108
31536
31537
31538
31539
31540
31541
56136
39753
56138
56139
56140
56141
56142
56143
56144
39773
56157
7006
31585
56161
31586
56162
56163
23397
56165
39782
56166
39783
23399
56167
23400
56168
39785
56169
56170
39791
56177
39797
39798
56184
56185
31610
31612
31614
39806
7039
39807
56193
31618
31623
31624
31625
31626
31627
31632
56208
31634
56212
56213
31650
31651
31652
31656
56232
31657
56233
31659
31661
56244
31670
39862
56253
39876
56260
39886
56272
56273
56278
56279
56280
56281
48094
31712
31713
31714
31717
23529
23530
23531
23532
23533
23534
56302
23535
56303
23536
31728
56304
56305
23543
23544
31741
31742
23550
23551
31745
23553
23554
23556
23557
56325
23558
23559
23560
15369
31754
31755
31757
31758
31759
31760
31761
56338
56340
56341
31769
31770
56347
56348
31774
31775
31776
31777
39969
31778
31779
31780
31781
31787
31788
23596
23598
23599
23600
23601
23602
23603
23604
23605
23606
23607
39996
56381
56387
23620
23621
31817
56394
23629
56397
56398
56399
56405
31836
31837
40038
56422
56425
56430
23664
23668
40053
48245
40054
48246
56438
40055
40057
48250
56442
48251
48252
48253
48254
48255
48256
48257
48258
48259
31878
31880
31881
31887
40081
40083
48280
40090
40093
40095
40098
23715
31909
40102
56486
15526
40103
31911
31913
31920
23731
23732
31925
15542
31926
40124
23741
40125
40126
23744
23746
23748
23750
23751
23752
23753
23754
23756
23757
23758
23759
31951
23760
23761
23762
23764
31959
23767
23768
23769
23770
48349
23774
23776
23777
31974
7399
48359
48361
23789
7408
31988
23803
23805
31998
40193
40197
40200
32008
40201
40202
40203
40206
23822
40207
23830
40214
40215
23832
56600
23834
32026
23835
32032
23847
32043
23851
32044
32045
48436
56634
7494
7496
56656
23891
56660
32085
7509
7510
7512
40282
23901
56671
48484
32101
23909
23913
32106
23914
40300
40301
48498
48499
48500
48501
23925
56694
48503
56695
23928
56696
23929
48506
32123
48507
56699
32124
56700
32125
32130
32131
32132
32133
32134
32135
32137
7561
32138
48530
40340
48532
40341
40342
7580
7583
7585
15783
48557
48558
15791
23983
48559
23984
15793
15795
56755
23990
23991
23995
23996
23997
23998
48579
24010
24011
24012
40397
40398
40407
56793
56794
56798
48607
56800
24033
24035
56804
24037
24038
7656
56808
24047
24048
24049
24050
24051
48628
40439
32249
32251
56834
56835
56836
24069
40456
56840
40457
40458
32267
32268
40463
40468
48660
40472
24094
40482
7716
40485
7717
7726
40495
40496
40497
32306
48694
32311
48695
48696
32319
24129
24132
56900
32325
24133
56901
24134
24135
24136
56904
24137
24138
24139
56907
24140
56908
24141
56909
24142
15951
15952
56912
15953
56913
56914
24148
24151
56920
48729
48730
56922
48731
48732
56924
56925
24159
56927
48742
56934
40551
24168
40557
56941
40558
40559
40562
7796
40564
56949
40566
40569
56954
40572
32381
40573
32382
48766
40574
40575
40576
40577
40578
56962
40580
48775
40586
40588
16016
32401
32402
32403
32404
24213
32405
32406
48795
48797
48801
48802
48803
48806
48807
48808
48809
48810
48811
48819
48821
48828
48830
57023
32449
48833
57026
32451
48835
57027
32452
32453
48838
57031
7880
48840
48841
48842
57035
48849
48853
48854
48855
48856
48857
48864
48865
48866
57063
57068
48878
48879
16112
57072
16114
57074
16116
32500
16117
16122
32506
48891
16123
16124
16125
16126
32512
16128
16129
32521
48912
48927
32543
48928
57120
57121
57122
57124
57126
57127
40746
57133
48950
57142
48951
57150
48961
48967
48971
48972
57164
48973
57168
40785
48977
48978
57171
48980
57172
48981
57176
57180
57181
57182
57185
57186
57187
57188
57195
49007
49008
49009
49010
32627
49011
49012
32628
32629
49013
57205
49014
57206
49015
57207
49016
57208
49017
57210
57212
57213
57223
49034
57232
57233
57234
16275
57235
57239
32664
57241
57244
49061
57258
49072
40886
40888
32765
57341
